   M  K |    gRoute   bRoute  dRoute |   gPen   bPen   dPen |    gFINAL    bFINAL  dFINAL | aug
-----------------------------------------------------------------------------------------------
  50  1 |    -44.33   -45.22   -0.89 |   0.00   0.00   0.00 |    -44.33    -45.22   -0.89 | beam
  50  2 |    -87.08   -89.94   -2.86 |   1.70   1.64  -0.06 |    -85.37    -88.30   -2.93 | beam
  50  3 |   -114.57  -118.59   -4.02 |   3.57   3.56  -0.01 |   -111.00   -115.03   -4.03 | beam
  50  4 |   -128.36  -133.48   -5.13 |   4.65   4.71   0.06 |   -123.70   -128.77   -5.07 | beam
  50  5 |   -130.10  -133.58   -3.48 |   5.50   5.60   0.10 |   -124.60   -127.98   -3.38 | beam
  50  6 |   -124.68  -126.87   -2.19 |   6.08   6.12   0.05 |   -118.60   -120.74   -2.14 | beam
  50  8 |    -98.02   -98.68   -0.66 |   7.09   7.09  -0.00 |    -90.93    -91.59   -0.66 | beam
  60  1 |    -52.04   -53.85   -1.81 |   0.00   0.00   0.00 |    -52.04    -53.85   -1.81 | beam
  60  2 |    -92.13   -98.81   -6.67 |   2.01   2.32   0.31 |    -90.13    -96.48   -6.36 | beam
  60  3 |   -127.33  -133.34   -6.02 |   4.07   4.04  -0.04 |   -123.26   -129.31   -6.05 | beam
  60  4 |   -143.81  -147.34   -3.54 |   5.22   5.41   0.19 |   -138.59   -141.93   -3.35 | beam
  60  5 |   -144.97  -148.27   -3.30 |   6.62   6.71   0.08 |   -138.35   -141.57   -3.22 | beam
  60  6 |   -140.66  -142.50   -1.84 |   7.22   7.36   0.14 |   -133.45   -135.14   -1.70 | beam
  60  8 |   -121.71  -121.84   -0.13 |   8.14   8.12  -0.02 |   -113.56   -113.72   -0.15 | beam
  80  1 |    -60.31   -61.90   -1.59 |   0.00   0.00   0.00 |    -60.31    -61.90   -1.59 | beam
  80  2 |   -103.10  -108.55   -5.44 |   3.06   2.89  -0.17 |   -100.04   -105.66   -5.61 | beam
  80  3 |   -147.93  -157.56   -9.63 |   5.10   5.36   0.26 |   -142.83   -152.20   -9.38 | beam
  80  4 |   -173.67  -178.46   -4.78 |   6.95   6.98   0.03 |   -166.72   -171.48   -4.75 | beam
  80  5 |   -175.68  -179.73   -4.05 |   8.09   8.27   0.19 |   -167.59   -171.46   -3.87 | beam
  80  6 |   -169.17  -173.22   -4.05 |   9.12   9.23   0.11 |   -160.05   -163.99   -3.94 | beam
  80  8 |   -143.11  -143.76   -0.65 |   9.55   9.60   0.06 |   -133.56   -134.16   -0.60 | beam
 100  1 |    -68.13   -69.31   -1.18 |   0.00   0.00   0.00 |    -68.13    -69.31   -1.18 | beam
 100  2 |   -114.44  -120.46   -6.02 |   3.10   3.23   0.13 |   -111.34   -117.24   -5.89 | beam
 100  3 |   -176.07  -183.47   -7.40 |   6.32   6.39   0.07 |   -169.74   -177.08   -7.33 | beam
 100  4 |   -204.19  -207.14   -2.95 |   8.40   8.59   0.19 |   -195.79   -198.55   -2.76 | beam
 100  5 |   -203.84  -207.54   -3.69 |  10.06  10.33   0.27 |   -193.78   -197.21   -3.43 | beam
 100  6 |   -198.42  -200.15   -1.74 |  11.21  11.30   0.09 |   -187.21   -188.86   -1.65 | beam
 100  8 |   -168.18  -169.78   -1.61 |  11.59  11.60   0.01 |   -156.59   -158.18   -1.59 | beam
 120  1 |    -74.84   -75.62   -0.78 |   0.00   0.00   0.00 |    -74.84    -75.62   -0.78 | beam
 120  2 |   -129.57  -132.40   -2.83 |   3.81   3.73  -0.07 |   -125.77   -128.67   -2.90 | beam
 120  3 |   -197.05  -204.31   -7.26 |   6.59   6.99   0.39 |   -190.46   -197.33   -6.87 | beam
 120  4 |   -230.05  -235.94   -5.89 |   9.43   9.72   0.29 |   -220.62   -226.22   -5.60 | beam
 120  5 |   -236.97  -243.06   -6.09 |  11.61  11.87   0.26 |   -225.36   -231.19   -5.83 | beam
 120  6 |   -228.36  -232.70   -4.34 |  12.98  13.19   0.21 |   -215.38   -219.50   -4.13 | beam
 120  8 |   -191.57  -193.11   -1.54 |  13.68  13.76   0.08 |   -177.89   -179.35   -1.46 | beam
 150  1 |    -78.03   -80.54   -2.51 |   0.00   0.00   0.00 |    -78.03    -80.54   -2.51 | beam
 150  2 |   -139.71  -142.99   -3.29 |   4.21   4.01  -0.20 |   -135.49   -138.98   -3.49 | beam
 150  3 |   -230.19  -234.02   -3.83 |   8.37   8.14  -0.24 |   -221.81   -225.88   -4.07 | beam
 150  4 |   -263.20  -270.48   -7.29 |  11.07  11.33   0.26 |   -252.13   -259.16   -7.03 | beam
 150  5 |   -272.67  -276.93   -4.26 |  13.34  13.38   0.05 |   -259.33   -263.55   -4.22 | beam
 150  6 |   -259.16  -262.10   -2.94 |  14.54  14.69   0.16 |   -244.62   -247.41   -2.78 | beam
 150  8 |   -225.15  -228.47   -3.32 |  16.22  16.36   0.14 |   -208.93   -212.11   -3.18 | beam
 200  1 |    -83.89   -86.08   -2.19 |   0.00   0.00   0.00 |    -83.89    -86.08   -2.19 | beam
 200  2 |   -165.16  -156.02    9.13 |   4.91   5.80   0.89 |   -160.25   -150.23   10.03 | greedy
 200  3 |   -275.51  -277.45   -1.94 |  10.39  10.25  -0.14 |   -265.12   -267.20   -2.08 | beam
 200  4 |   -315.02  -324.06   -9.04 |  13.61  13.77   0.17 |   -301.42   -310.28   -8.87 | beam
 200  5 |   -327.81  -329.74   -1.93 |  16.53  16.46  -0.07 |   -311.28   -313.28   -2.00 | beam
 200  6 |   -310.75  -319.26   -8.52 |  17.60  17.98   0.38 |   -293.15   -301.29   -8.14 | beam
 200  8 |   -273.70  -276.28   -2.58 |  20.27  20.33   0.06 |   -253.43   -255.95   -2.52 | beam
-----------------------------------------------------------------------------------------------
cells where beam FINAL does NOT beat greedy FINAL: [(200, 2, 10.03)]
mean dFINAL by K: K1:-1.56  K2:-2.45  K3:-5.69  K4:-5.35  K5:-3.70  K6:-3.50  K8:-1.45
overall mean dFINAL: -3.39   (beam better in 48/49 cells)
